0000000011111111
1010101010101010
101010101010101
0000000000000000
1111111111111111
0000000011111111
1010101010101010
101010101010101
0000000000000000
1111111111111111
0000000011111111
1010101010101010
101010101010101
0000000000000000
1111111111111111
0000000011111111
1010101010101010
101010101010101
0000000000000000
1111111111111111
0000000011111111
1010101010101010
101010101010101
0000000000000000
1111111111111111
0000000011111111
1010101010101010
101010101010101
0000000000000000
1111111111111111
